
14:21:08.429 设备发送:68 04 83 00 00 00
14:21:08.441 设备接收:68 04 43 00 00 00
14:21:18.644 设备发送:68 04 83 00 00 00
14:21:18.675 设备接收:68 04 43 00 00 00
14:21:29.082 设备接收:68 04 43 00 00 00
14:21:29.098 设备发送:68 04 83 00 00 00
14:21:30.813 设备发送:68 1A 0E 02 5C 0B 0D 02 03 00 01 00 07 40 00 1E 85 5A 43 00 DB 40 00 00 60 27 44 00
14:21:34.328 设备接收:68 04 01 00 10 02
14:21:38.811 设备发送:68 12 10 02 5C 0B 0D 01 03 00 01 00 0A 40 00 A4 70 91 42 00
14:21:42.123 设备接收:68 04 01 00 12 02
14:21:50.895 设备发送:68 12 12 02 5C 0B 0D 01 03 00 01 00 08 40 00 C2 F5 90 42 00
14:21:54.165 设备接收:68 04 01 00 14 02
14:22:02.909 设备发送:68 12 14 02 5C 0B 0D 01 03 00 01 00 09 40 00 52 B8 90 42 00
14:22:06.202 设备接收:68 04 01 00 16 02
14:22:06.920 设备发送:68 12 16 02 5C 0B 0D 01 03 00 01 00 15 40 00 67 26 9C 43 00
14:22:10.220 设备接收:68 04 01 00 18 02
14:22:10.905 设备发送:68 22 18 02 5C 0B 0D 03 03 00 01 00 07 40 00 EB 51 59 43 00 4A 40 00 70 3D 8A 42 00 4B 40 00 33 33 B3 3E 00
14:22:14.624 设备接收:68 04 01 00 1A 02
14:22:14.904 设备发送:68 12 1A 02 5C 0B 0D 01 03 00 01 00 46 40 00 14 AE C3 42 00
14:22:18.231 设备接收:68 04 01 00 1C 02
14:22:18.918 设备发送:68 12 1C 02 5C 0B 0D 01 03 00 01 00 47 40 00 B8 1E C3 42 00
14:22:22.232 设备接收:68 04 01 00 1E 02
14:22:26.950 设备发送:68 1A 1E 02 5C 0B 0D 02 03 00 01 00 05 40 00 9A 99 CD 41 00 48 40 00 99 19 C3 42 00
14:22:30.458 设备接收:68 04 01 00 20 02
14:22:38.990 设备发送:68 32 20 02 5C 0B 0D 05 03 00 01 00 17 40 00 67 26 1C 44 00 18 40 00 67 E6 19 44 00 19 40 00 00 A0 39 44 00 1A 40 00 00 40 1B 44 00 2F 40 00 CD CC 1D 43 00
14:22:42.318 设备接收:68 04 01 00 22 02
14:22:47.011 设备发送:68 22 22 02 5C 0B 0D 03 03 00 01 00 1C 40 00 CD 4C 26 44 00 1D 40 00 CD 4C 24 44 00 1E 40 00 00 60 39 44 00
14:22:50.324 设备接收:68 04 01 00 24 02
14:22:59.030 设备发送:68 12 24 02 5C 0B 0D 01 03 00 01 00 07 40 00 70 3D 58 43 00
14:23:02.345 设备接收:68 04 01 00 26 02
14:23:07.055 设备发送:68 12 26 02 5C 0B 0D 01 03 00 01 00 4F 40 00 00 00 10 42 00
14:23:10.367 设备接收:68 04 01 00 28 02
14:23:15.082 设备发送:68 1A 28 02 5C 0B 0D 02 03 00 01 00 8B 40 00 8F C2 91 42 00 8C 40 00 1E 85 EB 3E 00
14:23:18.410 设备接收:68 04 01 00 2A 02
14:23:19.098 设备发送:68 12 2A 02 5C 0B 0D 01 03 00 01 00 87 40 00 85 6B CE 42 00
14:23:22.608 设备接收:68 04 01 00 2C 02
14:23:27.149 设备发送:68 12 2C 02 5C 0B 0D 01 03 00 01 00 88 40 00 85 EB CE 42 00
14:23:30.655 设备接收:68 04 01 00 2E 02
14:23:31.154 设备发送:68 12 2E 02 5C 0B 0D 01 03 00 01 00 89 40 00 3D 0A CE 42 00
14:23:34.472 设备接收:68 04 01 00 30 02
14:23:35.143 设备发送:68 12 30 02 5C 0B 0D 01 03 00 01 00 06 40 00 9A 99 CD 41 00
14:23:38.450 设备接收:68 04 01 00 32 02
14:23:47.197 设备发送:68 2A 32 02 5C 0B 0D 04 03 00 01 00 59 40 00 67 A6 3A 44 00 5A 40 00 00 40 39 44 00 5B 40 00 00 C0 1A 44 00 70 40 00 9A 99 13 43 00
14:23:50.503 设备接收:68 04 01 00 34 02
14:23:51.192 设备发送:68 22 34 02 5C 0B 0D 03 03 00 01 00 5D 40 00 00 40 19 44 00 5E 40 00 67 46 3D 44 00 60 40 00 9A 79 39 44 00
14:23:54.498 设备接收:68 04 01 00 36 02
14:24:04.922 设备接收:68 04 43 00 00 00
14:24:04.953 设备发送:68 04 83 00 00 00
14:24:06.938 设备接收:68 0E 5C 0B 36 02 64 01 06 00 01 00 00 00 00 14
14:24:07.046 设备发送:68 0E 36 02 5E 0B 64 01 07 00 01 00 00 00 00 14
14:24:07.237 设备发送:68 8C 38 02 5E 0B 01 FF 14 00 01 00 01 00 00 01 00 00 00 00 00 00 00 00 01 00 00 00 00 00 00 00 00 00 00 00 00 00 00 00 00 00 00 00 00 00 00 00 00 00 00 00 00 00 00 00 00 00 00 00 00 00 00 00 00 00 00 00 00 00 01 00 00 00 00 00 00 00 00 00 00 00 00 00 00 00 00 00 00 00 00 00 00 00 00 00 00 00 00 00 00 00 00 00 00 00 00 00 00 00 00 00 00 00 00 00 01 00 00 00 00 00 00 00 00 00 00 00 00 00 00 00 00 00 00 00 00 00 00 00 00 00
14:24:07.452 设备发送:68 4C 3A 02 5E 0B 01 BF 14 00 01 00 80 00 00 00 00 00 00 00 00 00 00 00 00 00 00 00 00 00 00 00 00 00 00 01 00 00 00 00 00 00 00 00 00 00 00 00 00 00 00 00 00 00 00 00 00 00 00 00 00 00 00 00 00 00 00 00 00 00 00 00 00 00 00 00 00 00
14:24:07.672 设备发送:68 E4 3C 02 5E 0B 0D AB 14 00 01 00 01 40 00 00 00 69 43 00 67 E6 68 43 00 CD 4C 69 43 00 00 00 00 00 00 9A 99 CD 41 00 9A 99 CD 41 00 8F C2 57 43 00 8F C2 8F 42 00 AE 47 8F 42 00 8F C2 8F 42 00 70 3D 0A C0 00 EB 51 38 BF 00 8F C2 75 BF 00 8F C2 75 BE 00 78 BE 7F 3F 00 85 EB 47 42 00 90 C2 ED 40 00 8F C2 97 41 00 33 F3 7D 44 00 85 EB 11 3F 00 67 26 9C 43 00 00 00 00 00 00 67 26 1C 44 00 67 E6 19 44 00 00 A0 39 44 00 00 40 1B 44 00 8F C2 76 42 00 CD 4C 26 44 00 CD 4C 24 44 00 00 60 39 44 00 33 33 F5 42 00 33 33 F7 42 00 00 00 80 3F 00 00 00 00 00 00 00 00 00 00 00 00 00 00 00 00 00 00 00 00 00 00 00 00 00 00 00 00 00 00 00 00 00 00 00 00 00 00 00 00 00 00 00 00 00 00 EB 51 78 41 00
14:24:07.750 设备接收:68 04 01 00 3E 02
14:24:07.859 设备发送:68 E4 3E 02 5E 0B 0D AB 14 00 01 00 2C 40 00 F5 28 78 41 00 7B 14 76 41 00 A3 70 71 41 00 CD CC 1D 43 00 7B 14 72 41 00 7B 14 FE 40 00 1E 85 FB 40 00 00 00 00 00 00 00 00 00 00 00 00 00 00 00 00 00 00 00 00 00 00 00 00 00 00 00 00 00 00 00 00 00 00 00 00 00 00 00 00 00 00 00 00 00 00 00 00 00 00 00 00 00 00 00 00 00 00 00 00 00 00 00 00 00 00 00 00 00 00 00 00 00 00 00 00 00 00 00 00 00 CD CC 6A 43 00 33 B3 6B 43 00 9A 99 6B 43 00 14 AE C3 42 00 B8 1E C3 42 00 99 19 C3 42 00 00 00 00 00 00 70 3D 8A 42 00 33 33 B3 3E 00 00 00 00 00 00 7B 14 48 42 00 00 00 00 00 00 00 00 10 42 00 00 00 2D 44 00 00 00 DC 42 00 00 00 00 00 00 00 00 00 00 00 00 00 00 00 00 00 00 00 00 00 00 00 00 00 00
14:24:08.078 设备发送:68 DA 40 02 5E 0B 0D A9 14 00 01 00 57 40 00 00 00 00 00 00 33 B3 3B 44 00 67 A6 3A 44 00 00 40 39 44 00 00 C0 1A 44 00 66 66 74 42 00 00 40 19 44 00 67 46 3D 44 00 9A 79 42 44 00 9A 79 39 44 00 00 00 00 00 00 00 00 00 00 00 00 00 00 00 00 00 00 00 00 00 00 00 00 00 00 00 00 00 00 00 00 00 00 00 00 00 00 00 00 00 00 00 00 00 00 00 00 00 00 00 00 00 00 00 00 66 66 6E 41 00 33 33 6F 41 00 3D 0A EF 40 00 B8 1E 79 41 00 9A 99 13 43 00 A4 70 01 41 00 85 EB F9 40 00 D7 A3 00 41 00 66 66 72 41 00 8F C2 75 3D 00 00 00 00 00 00 00 00 00 00 00 00 00 00 00 00 00 00 00 00 00 00 00 00 00 00 00 00 00 00 00 00 00 00 00 00 00 00 00 00 00 00 00 00 00 00 00 00 00 00 00
14:24:08.265 设备发送:68 E4 42 02 5E 0B 0D AB 14 00 01 00 80 40 00 00 00 00 00 00 00 00 00 00 00 00 00 00 00 00 00 00 00 00 00 67 E6 6B 43 00 33 33 6A 43 00 33 B3 6C 43 00 85 6B CE 42 00 85 EB CE 42 00 3D 0A CE 42 00 00 00 00 00 00 8F C2 91 42 00 1E 85 EB 3E 00 00 00 00 00 00 C2 F5 47 42 00 00 00 00 00 00 00 00 88 42 00 00 40 2D 44 00 00 00 DC 42 00 00 00 00 00 00 00 00 00 00 00 00 00 00 00 00 00 00 00 00 00 00 00 00 00 00 00 00 00 00 00 CD 8C 1B 44 00 00 00 1A 44 00 CD 0C 1C 44 00 67 E6 16 44 00 7B 94 94 42 00 33 53 3A 44 00 67 26 06 44 00 00 C0 10 44 00 9A 79 05 44 00 00 00 F9 42 00 00 00 00 3F 00 00 00 00 3F 00 00 00 00 00 00 00 00 00 00 00 00 00 00 00 00 00 00 00 00 00 00 00 00 00 00 00 00 00 00 00
14:24:08.476 设备发送:68 E4 44 02 5E 0B 0D AB 14 00 01 00 AB 40 00 00 00 00 00 00 00 00 00 00 00 E1 7A 78 41 00 CD CC 80 41 00 0A D7 7B 41 00 B8 1E F5 40 00 9A 99 1B 43 00 A3 70 FD 40 00 52 B8 FE 40 00 C2 F5 F8 40 00 3D 0A 81 41 00 B8 1E 05 3E 00 00 00 00 00 00 0A D7 23 3D 00 00 00 00 00 00 00 00 00 00 00 00 00 00 00 00 00 00 00 00 00 00 00 00 00 00 00 00 00 00 00 00 00 00 00 00 00 00 00 00 00 00 00 00 00 00 00 00 00 00 00 00 00 00 00 00 00 00 00 00 00 CD CC 6C 43 00 CD CC 6A 43 00 67 66 6C 43 00 52 B8 BA 42 00 EB D1 BA 42 00 1E 85 BB 42 00 00 00 00 00 00 CD 4C 84 42 00 33 33 B3 3E 00 00 00 00 00 00 F5 28 48 42 00 00 00 00 00 00 00 00 50 42 00 00 00 30 44 00 00 00 DC 42 00 00 00 00 00 00 00 00 00 00 00
14:24:08.580 设备接收:68 04 01 00 46 02
14:24:08.660 设备发送:68 DA 46 02 5E 0B 0D A9 14 00 01 00 D6 40 00 00 00 00 00 00 00 00 00 00 00 00 00 00 00 00 00 00 00 00 00 33 93 26 44 00 00 60 27 44 00 67 66 A6 3F 00 00 00 00 00 00 00 00 00 00 00 00 00 00 00 00 00 00 00 00 00 00 00 00 00 00 00 00 00 00 00 00 00 00 00 00 00 00 00 00 00 00 00 00 00 00 00 00 00 00 00 00 00 00 00 00 00 00 00 00 00 00 00 00 00 00 00 00 00 00 00 00 00 00 00 00 00 00 00 00 00 00 00 00 00 00 47 E1 02 41 00 A3 70 FD 40 00 00 00 00 00 00 00 00 00 00 00 00 00 00 00 00 00 00 00 00 00 00 00 00 00 00 00 00 00 00 00 00 00 00 00 00 00 00 00 00 00 00 00 00 00 00 00 00 00 00 00 00 00 00 00 00 00 00 00 00 00 00 00 00 00 00 00 00 00 00 00 00 00 00 00 00
14:24:08.878 设备发送:68 99 48 02 5E 0B 0D 9C 14 00 01 00 FF 40 00 00 00 00 00 00 00 00 00 00 00 00 00 00 00 00 00 00 00 00 00 00 00 00 00 00 00 00 00 00 00 00 00 00 00 00 CD CC 6C 43 00 9A 19 6C 43 00 67 66 6D 43 00 CC CC 6C 41 00 D7 A3 6C 41 00 0A D7 6B 41 00 00 00 00 00 00 0A D7 27 41 00 0A D7 23 3D 00 00 00 00 00 00 85 EB 47 42 00 00 00 00 00 00 00 00 C8 41 00 00 00 15 44 00 00 00 88 41 00 00 00 00 00 00 00 00 00 00 00 00 00 00 00 00 00 00 00 00 00 00 00 00 00 00 00 00 00 00 00
14:24:09.081 设备发送:68 0E 4A 02 5E 0B 64 01 0A 00 01 00 00 00 00 14
14:24:09.158 设备接收:68 0E 5E 0B 4C 02 65 01 06 00 01 00 00 00 00 05
14:24:09.267 设备发送:68 0E 4C 02 60 0B 65 01 07 00 01 00 00 00 00 05
14:24:09.378 设备接收:68 04 01 00 4E 02
14:24:09.488 设备发送:68 3A 4E 02 60 0B CE 89 25 00 01 00 01 64 00 14 A5 03 47 00 52 38 C3 43 00 C0 F0 FA 47 00 1E 45 D1 43 00 F3 C2 04 48 00 66 A6 B4 43 00 80 46 EA 47 00 1E 85 71 42 00 67 DF 97 46 00
14:24:09.659 设备发送:68 0E 50 02 60 0B 65 01 0A 00 01 00 00 00 00 05
14:24:11.267 设备发送:68 1A 52 02 60 0B 0D 02 03 00 01 00 0B 40 00 85 EB 11 C0 00 90 40 00 00 00 5C 42 00
14:24:12.783 设备接收:68 04 01 00 54 02
14:24:19.315 设备发送:68 1A 54 02 60 0B 0D 02 03 00 01 00 CC 40 00 CD CC 80 42 00 CD 40 00 29 5C CF BF 00
14:24:22.817 设备接收:68 04 01 00 56 02
14:24:27.343 设备发送:68 1A 56 02 60 0B 0D 02 03 00 01 00 0B 40 00 70 3D 8A BF 00 C8 40 00 AE C7 B5 42 00
14:24:31.350 设备发送:68 12 58 02 60 0B 0D 01 03 00 01 00 C9 40 00 1E 05 B6 42 00
14:24:31.461 设备接收:68 04 01 00 58 02
14:24:34.660 设备接收:68 04 01 00 5A 02
14:24:35.361 设备发送:68 12 5A 02 60 0B 0D 01 03 00 01 00 CA 40 00 EB D1 B5 42 00
14:24:38.647 设备接收:68 04 01 00 5C 02
14:24:49.497 设备接收:68 04 43 00 00 00
14:24:49.512 设备发送:68 04 83 00 00 00
14:24:51.422 设备发送:68 22 5C 02 60 0B 0D 03 03 00 01 00 99 40 00 67 86 1A 44 00 9C 40 00 67 E6 14 44 00 B1 40 00 CD 4C 17 43 00
14:24:54.707 设备接收:68 04 01 00 5E 02
14:24:55.423 设备发送:68 22 5E 02 60 0B 0D 03 03 00 01 00 9F 40 00 33 33 05 44 00 A0 40 00 67 C6 0E 44 00 A1 40 00 CD 8C 04 44 00
14:24:58.740 设备接收:68 04 01 00 60 02
14:25:07.477 设备发送:68 12 60 02 60 0B 0D 01 03 00 01 00 07 40 00 A4 70 56 43 00
14:25:10.752 设备接收:68 04 01 00 62 02
14:25:15.474 设备发送:68 12 62 02 60 0B 0D 01 03 00 01 00 D1 40 00 00 00 1C 42 00
14:25:18.804 设备接收:68 04 01 00 64 02
14:25:29.611 设备接收:68 04 43 00 00 00
14:25:29.627 设备发送:68 04 83 00 00 00
14:25:39.647 设备接收:68 04 43 00 00 00
14:25:39.663 设备发送:68 04 83 00 00 00
14:25:49.869 设备接收:68 04 43 00 00 00
14:25:49.885 设备发送:68 04 83 00 00 00
14:25:55.603 设备发送:68 1A 64 02 60 0B 0D 02 03 00 01 00 DA 40 00 67 86 25 44 00 DB 40 00 9A 39 26 44 00
14:25:59.121 设备接收:68 04 01 00 66 02
14:26:07.629 设备发送:68 12 66 02 60 0B 0D 01 03 00 01 00 0B 40 00 99 99 19 C0 00
14:26:10.929 设备接收:68 04 01 00 68 02
14:26:11.648 设备发送:68 12 68 02 60 0B 0D 01 03 00 01 00 0B 40 00 99 99 99 BF 00
14:26:14.966 设备接收:68 04 01 00 6A 02
14:26:15.664 设备发送:68 12 6A 02 60 0B 0D 01 03 00 01 00 0B 40 00 85 EB 11 C0 00
14:26:18.962 设备接收:68 04 01 00 6C 02
14:26:19.653 设备发送:68 1A 6C 02 60 0B 0D 02 03 00 01 00 07 40 00 29 5C 55 43 00 0B 40 00 99 99 99 BF 00
14:26:22.981 设备接收:68 04 01 00 6E 02
14:26:31.710 设备发送:68 12 6E 02 60 0B 0D 01 03 00 01 00 15 40 00 00 80 9D 43 00
14:26:35.025 设备接收:68 04 01 00 70 02
14:26:35.731 设备发送:68 1A 70 02 60 0B 0D 02 03 00 01 00 0B 40 00 99 99 19 C0 00 4A 40 00 AE 47 87 42 00
14:26:39.053 设备接收:68 04 01 00 72 02
14:26:39.755 设备发送:68 12 72 02 60 0B 0D 01 03 00 01 00 46 40 00 8F C2 BF 42 00
14:26:43.027 设备接收:68 04 01 00 74 02
14:26:47.758 设备发送:68 12 74 02 60 0B 0D 01 03 00 01 00 47 40 00 AE 47 BF 42 00
14:26:51.258 设备接收:68 04 01 00 76 02
14:26:51.775 设备发送:68 1A 76 02 60 0B 0D 02 03 00 01 00 0B 40 00 C2 F5 A8 BF 00 48 40 00 70 BD BE 42 00
14:26:55.283 设备接收:68 04 01 00 78 02
14:27:05.504 设备接收:68 04 43 00 00 00
14:27:05.520 设备发送:68 04 83 00 00 00
14:27:07.815 设备发送:68 2A 78 02 60 0B 0D 04 03 00 01 00 18 40 00 9A D9 1A 44 00 19 40 00 33 93 3A 44 00 1A 40 00 00 40 1C 44 00 2F 40 00 33 B3 1A 43 00
14:27:11.110 设备接收:68 04 01 00 7A 02
14:27:11.800 设备发送:68 22 7A 02 60 0B 0D 03 03 00 01 00 1C 40 00 00 40 27 44 00 1D 40 00 00 40 23 44 00 1E 40 00 9A 59 3B 44 00
14:27:15.151 设备接收:68 04 01 00 7C 02
14:27:15.823 设备发送:68 12 7C 02 60 0B 0D 01 03 00 01 00 08 40 00 29 5C 8D 42 00
14:27:19.136 设备接收:68 04 01 00 7E 02
14:27:29.565 设备接收:68 04 43 00 00 00
14:27:29.581 设备发送:68 04 83 00 00 00
14:27:31.891 设备发送:68 12 7E 02 60 0B 0D 01 03 00 01 00 4F 40 00 00 00 4C 42 00
14:27:35.184 设备接收:68 04 01 00 80 02
14:27:43.931 设备发送:68 1A 80 02 60 0B 0D 02 03 00 01 00 8B 40 00 F6 28 8F 42 00 8C 40 00 47 E1 3A BF 00
14:27:47.435 设备接收:68 04 01 00 82 02
14:27:47.937 设备发送:68 12 82 02 60 0B 0D 01 03 00 01 00 87 40 00 EB D1 C9 42 00
14:27:51.218 设备接收:68 04 01 00 84 02
14:27:51.924 设备发送:68 12 84 02 60 0B 0D 01 03 00 01 00 88 40 00 7B 14 CA 42 00
14:27:55.460 设备接收:68 04 01 00 86 02
14:27:55.962 设备发送:68 12 86 02 60 0B 0D 01 03 00 01 00 89 40 00 D7 23 CA 42 00
14:27:59.267 设备接收:68 04 01 00 88 02
14:27:59.962 设备发送:68 1A 88 02 60 0B 0D 02 03 00 01 00 07 40 00 F5 28 54 43 00 0A 40 00 29 5C 8D 42 00
14:28:03.270 设备接收:68 04 01 00 8A 02
14:28:12.002 设备发送:68 2A 8A 02 60 0B 0D 04 03 00 01 00 09 40 00 B8 1E 8D 42 00 58 40 00 33 B3 3A 44 00 59 40 00 67 A6 3B 44 00 5C 40 00 E1 7A 6F 42 00
14:28:15.282 设备接收:68 04 01 00 8C 02
14:28:16.021 设备发送:68 2A 8C 02 60 0B 0D 04 03 00 01 00 5D 40 00 9A 39 1A 44 00 5E 40 00 67 46 3A 44 00 5F 40 00 9A 79 41 44 00 60 40 00 9A 79 3A 44 00
14:28:19.314 设备接收:68 04 01 00 8E 02
14:28:29.732 设备发送:68 04 83 00 00 00
14:28:29.748 设备接收:68 04 43 00 00 00
14:28:36.054 设备发送:68 12 8E 02 60 0B 0D 01 03 00 01 00 90 40 00 00 00 8A 42 00
14:28:39.572 设备接收:68 04 01 00 90 02
14:28:48.087 设备发送:68 1A 90 02 60 0B 0D 02 03 00 01 00 CC 40 00 8F C2 7C 42 00 CD 40 00 A4 70 BD 3E 00
14:28:51.416 设备接收:68 04 01 00 92 02
14:28:52.114 设备发送:68 12 92 02 60 0B 0D 01 03 00 01 00 C8 40 00 CD CC B2 42 00
14:28:55.424 设备接收:68 04 01 00 94 02
14:28:56.143 设备发送:68 12 94 02 60 0B 0D 01 03 00 01 00 C9 40 00 29 DC B2 42 00
14:28:59.464 设备接收:68 04 01 00 96 02
14:29:04.150 设备发送:68 12 96 02 60 0B 0D 01 03 00 01 00 CA 40 00 F5 28 B3 42 00
14:29:07.495 设备接收:68 04 01 00 98 02
14:29:16.223 设备发送:68 32 98 02 60 0B 0D 05 03 00 01 00 99 40 00 33 73 1B 44 00 9A 40 00 67 E6 1A 44 00 9B 40 00 9A F9 1A 44 00 9C 40 00 9A D9 17 44 00 B1 40 00 33 B3 14 43 00
14:29:19.505 设备接收:68 04 01 00 9A 02
14:29:24.234 设备发送:68 2A 9A 02 60 0B 0D 04 03 00 01 00 9E 40 00 33 73 39 44 00 9F 40 00 9A 39 06 44 00 A0 40 00 9A D9 0F 44 00 A1 40 00 CD 8C 05 44 00
14:29:27.554 设备接收:68 04 01 00 9C 02
14:29:37.976 设备发送:68 04 83 00 00 00
14:29:37.992 设备接收:68 04 43 00 00 00
14:29:44.318 设备发送:68 12 9C 02 60 0B 0D 01 03 00 01 00 D1 40 00 00 00 4C 42 00
14:29:47.615 设备接收:68 04 01 00 9E 02
14:29:52.318 设备发送:68 12 9E 02 60 0B 0D 01 03 00 01 00 07 40 00 7B 14 53 43 00
14:29:55.634 设备接收:68 04 01 00 A0 02
14:30:06.074 设备发送:68 04 83 00 00 00
14:30:06.090 设备接收:68 04 43 00 00 00
14:30:16.532 设备发送:68 04 83 00 00 00
14:30:16.548 设备接收:68 04 43 00 00 00
14:30:26.745 设备接收:68 04 43 00 00 00
14:30:26.761 设备发送:68 04 83 00 00 00
14:30:37.178 设备接收:68 04 43 00 00 00
14:30:37.193 设备发送:68 04 83 00 00 00
14:30:47.607 设备发送:68 04 83 00 00 00
14:30:47.623 设备接收:68 04 43 00 00 00
14:30:56.533 设备发送:68 12 A0 02 60 0B 0D 01 03 00 01 00 15 40 00 67 26 8A 43 00
14:30:59.846 设备接收:68 04 01 00 A2 02
14:31:04.560 设备发送:68 12 A2 02 60 0B 0D 01 03 00 01 00 07 40 00 00 00 52 43 00
14:31:08.080 设备接收:68 04 01 00 A4 02
14:31:08.568 设备发送:68 12 A4 02 60 0B 0D 01 03 00 01 00 46 40 00 47 E1 BC 42 00
14:31:11.871 设备接收:68 04 01 00 A6 02
14:31:12.605 设备发送:68 12 A6 02 60 0B 0D 01 03 00 01 00 47 40 00 F5 28 BC 42 00
14:31:15.881 设备接收:68 04 01 00 A8 02
14:31:16.601 设备发送:68 12 A8 02 60 0B 0D 01 03 00 01 00 48 40 00 C2 F5 BA 42 00
14:31:19.901 设备接收:68 04 01 00 AA 02
14:31:24.615 设备发送:68 12 AA 02 60 0B 0D 01 03 00 01 00 08 40 00 33 33 8B 42 00
14:31:27.944 设备接收:68 04 01 00 AC 02
14:31:32.659 设备发送:68 2A AC 02 60 0B 0D 04 03 00 01 00 18 40 00 00 E0 1B 44 00 19 40 00 33 93 38 44 00 1A 40 00 33 33 1B 44 00 2F 40 00 00 00 18 43 00
14:31:35.969 设备接收:68 04 01 00 AE 02
14:31:36.659 设备发送:68 22 AE 02 60 0B 0D 03 03 00 01 00 1C 40 00 33 53 25 44 00 1D 40 00 33 53 25 44 00 1E 40 00 67 66 3A 44 00
14:31:40.167 设备接收:68 04 01 00 B0 02
14:31:50.402 设备接收:68 04 43 00 00 00
14:31:50.417 设备发送:68 04 83 00 00 00
14:31:56.716 设备发送:68 12 B0 02 60 0B 0D 01 03 00 01 00 4F 40 00 00 00 48 42 00
14:32:00.251 设备接收:68 04 01 00 B2 02
14:32:06.443 设备接收:68 0E 60 0B B2 02 64 01 06 00 01 00 00 00 00 14
14:32:06.536 设备发送:68 0E B2 02 62 0B 64 01 07 00 01 00 00 00 00 14
14:32:06.770 设备发送:68 8C B4 02 62 0B 01 FF 14 00 01 00 01 00 00 01 00 00 00 00 00 00 00 00 01 00 00 00 00 00 00 00 00 00 00 00 00 00 00 00 00 00 00 00 00 00 00 00 00 00 00 00 00 00 00 00 00 00 00 00 00 00 00 00 00 00 00 00 00 00 01 00 00 00 00 00 00 00 00 00 00 00 00 00 00 00 00 00 00 00 00 00 00 00 00 00 00 00 00 00 00 00 00 00 00 00 00 00 00 00 00 00 00 00 00 00 01 00 00 00 00 00 00 00 00 00 00 00 00 00 00 00 00 00 00 00 00 00 00 00 00 00
14:32:06.942 设备发送:68 4C B6 02 62 0B 01 BF 14 00 01 00 80 00 00 00 00 00 00 00 00 00 00 00 00 00 00 00 00 00 00 00 00 00 00 01 00 00 00 00 00 00 00 00 00 00 00 00 00 00 00 00 00 00 00 00 00 00 00 00 00 00 00 00 00 00 00 00 00 00 00 00 00 00 00 00 00 00
14:32:07.162 设备发送:68 E4 B8 02 62 0B 0D AB 14 00 01 00 01 40 00 9A 99 69 43 00 00 80 69 43 00 67 E6 69 43 00 00 00 00 00 00 33 33 C7 41 00 33 33 C7 41 00 F5 28 51 43 00 A4 70 8B 42 00 33 33 8B 42 00 A4 70 8B 42 00 70 3D 0A C0 00 99 99 19 BF 00 3D 0A 57 BF 00 8F C2 75 BE 00 00 00 80 3F 00 00 00 48 42 00 E8 51 F0 40 00 CD CC 98 41 00 33 F3 7D 44 00 29 5C 4F 3F 00 67 26 8A 43 00 00 00 00 00 00 9A 19 1C 44 00 00 E0 1B 44 00 33 93 38 44 00 33 33 1B 44 00 5C 8F 76 42 00 33 53 25 44 00 33 53 25 44 00 67 66 3A 44 00 9A 99 F4 42 00 9A 99 F5 42 00 00 00 80 3F 00 00 00 00 00 00 00 00 00 00 00 00 00 00 00 00 00 00 00 00 00 00 00 00 00 00 00 00 00 00 00 00 00 00 00 00 00 00 00 00 00 00 00 00 00 00 0A D7 6F 41 00
14:32:07.254 设备接收:68 04 01 00 BA 02
14:32:07.363 设备发送:68 E4 BA 02 62 0B 0D AB 14 00 01 00 2C 40 00 EB 51 6C 41 00 66 66 6E 41 00 CC CC 68 41 00 00 00 18 43 00 70 3D 6A 41 00 0A D7 F3 40 00 99 99 F1 40 00 00 00 00 00 00 00 00 00 00 00 00 00 00 00 00 00 00 00 00 00 00 00 00 00 00 00 00 00 00 00 00 00 00 00 00 00 00 00 00 00 00 00 00 00 00 00 00 00 00 00 00 00 00 00 00 00 00 00 00 00 00 00 00 00 00 00 00 00 00 00 00 00 00 00 00 00 00 00 00 00 CD CC 6A 43 00 33 B3 6B 43 00 67 E6 6B 43 00 47 E1 BC 42 00 F5 28 BC 42 00 C2 F5 BA 42 00 00 00 00 00 00 00 80 85 42 00 E1 7A 14 BF 00 00 00 00 00 00 70 3D 48 42 00 00 00 00 00 00 00 00 48 42 00 00 00 2D 44 00 00 00 DC 42 00 00 00 00 00 00 00 00 00 00 00 00 00 00 00 00 00 00 00 00 00 00 00 00 00 00
14:32:07.558 设备发送:68 DA BC 02 62 0B 0D A9 14 00 01 00 57 40 00 00 00 00 00 00 33 B3 3A 44 00 67 A6 3B 44 00 67 26 39 44 00 9A B9 1A 44 00 E1 7A 6F 42 00 9A 39 1A 44 00 67 46 3A 44 00 9A 79 41 44 00 9A 79 3A 44 00 00 00 00 00 00 00 00 00 00 00 00 00 00 00 00 00 00 00 00 00 00 00 00 00 00 00 00 00 00 00 00 00 00 00 00 00 00 00 00 00 00 00 00 00 00 00 00 00 00 00 00 00 00 00 00 3D 0A 6B 41 00 A3 70 69 41 00 1E 85 EB 40 00 B8 1E 75 41 00 67 E6 12 43 00 E1 7A FC 40 00 85 EB F9 40 00 66 66 FE 40 00 AE 47 6D 41 00 29 5C 8F 3D 00 00 00 00 00 00 00 00 00 00 00 00 00 00 00 00 00 00 00 00 00 00 00 00 00 00 00 00 00 00 00 00 00 00 00 00 00 00 00 00 00 00 00 00 00 00 00 00 00 00 00
14:32:07.769 设备发送:68 E4 BE 02 62 0B 0D AB 14 00 01 00 80 40 00 00 00 00 00 00 00 00 00 00 00 00 00 00 00 00 00 00 00 00 00 33 33 6C 43 00 00 00 6B 43 00 33 B3 6C 43 00 EB D1 C9 42 00 7B 14 CA 42 00 D7 23 CA 42 00 00 00 00 00 00 29 DC 8C 42 00 66 66 26 BF 00 00 00 00 00 00 C2 F5 47 42 00 00 00 00 00 00 00 00 8A 42 00 00 40 2D 44 00 00 00 DC 42 00 00 00 00 00 00 00 00 00 00 00 00 00 00 00 00 00 00 00 00 00 00 00 00 00 00 00 00 00 00 00 33 73 1B 44 00 67 E6 1A 44 00 9A F9 1A 44 00 9A D9 17 44 00 8F 42 95 42 00 33 73 39 44 00 9A 39 06 44 00 9A D9 0F 44 00 CD 8C 05 44 00 CD CC F8 42 00 00 00 00 3F 00 00 00 00 3F 00 00 00 00 00 00 00 00 00 00 00 00 00 00 00 00 00 00 00 00 00 00 00 00 00 00 00 00 00 00 00
14:32:07.956 设备发送:68 E4 C0 02 62 0B 0D AB 14 00 01 00 AB 40 00 00 00 00 00 00 00 00 00 00 00 7B 14 6E 41 00 52 B8 76 41 00 5C 8F 72 41 00 14 AE E7 40 00 33 B3 14 43 00 33 33 F3 40 00 1E 85 F3 40 00 29 5C EF 40 00 EB 51 78 41 00 CC CC 4C 3E 00 00 00 00 00 00 0A D7 23 3D 00 00 00 00 00 00 00 00 00 00 00 00 00 00 00 00 00 00 00 00 00 00 00 00 00 00 00 00 00 00 00 00 00 00 00 00 00 00 00 00 00 00 00 00 00 00 00 00 00 00 00 00 00 00 00 00 00 00 00 00 00 00 80 6C 43 00 9A 19 6B 43 00 9A 99 6C 43 00 CD CC B2 42 00 29 DC B2 42 00 F5 28 B3 42 00 00 00 00 00 00 8F C2 7C 42 00 A4 70 BD 3E 00 00 00 00 00 00 47 E1 47 42 00 00 00 00 00 00 00 00 4C 42 00 00 00 30 44 00 00 00 DC 42 00 00 00 00 00 00 00 00 00 00 00
14:32:08.065 设备接收:68 04 01 00 C2 02
14:32:08.159 设备发送:68 DA C2 02 62 0B 0D A9 14 00 01 00 D6 40 00 00 00 00 00 00 00 00 00 00 00 00 00 00 00 00 00 00 00 00 00 67 86 25 44 00 00 40 26 44 00 67 66 A6 3F 00 00 00 00 00 00 00 00 00 00 00 00 00 00 00 00 00 00 00 00 00 00 00 00 00 00 00 00 00 00 00 00 00 00 00 00 00 00 00 00 00 00 00 00 00 00 00 00 00 00 00 00 00 00 00 00 00 00 00 00 00 00 00 00 00 00 00 00 00 00 00 00 00 00 00 00 00 00 00 00 00 00 00 00 00 00 A3 70 FD 40 00 52 B8 F6 40 00 00 00 00 00 00 00 00 00 00 00 00 00 00 00 00 00 00 00 00 00 00 00 00 00 00 00 00 00 00 00 00 00 00 00 00 00 00 00 00 00 00 00 00 00 00 00 00 00 00 00 00 00 00 00 00 00 00 00 00 00 00 00 00 00 00 00 00 00 00 00 00 00 00 00 00
14:32:08.379 设备发送:68 99 C4 02 62 0B 0D 9C 14 00 01 00 FF 40 00 00 00 00 00 00 00 00 00 00 00 00 00 00 00 00 00 00 00 00 00 00 00 00 00 00 00 00 00 00 00 00 00 00 00 00 CD 4C 6D 43 00 33 33 6C 43 00 00 00 6D 43 00 0A D7 63 41 00 1E 85 63 41 00 00 00 64 41 00 00 00 00 00 00 A4 70 21 41 00 0A D7 23 3D 00 00 00 00 00 00 00 00 48 42 00 00 00 00 00 00 00 00 C8 41 00 00 00 15 44 00 00 00 88 41 00 00 00 00 00 00 00 00 00 00 00 00 00 00 00 00 00 00 00 00 00 00 00 00 00 00 00 00 00 00 00
14:32:08.586 设备发送:68 0E C6 02 62 0B 64 01 0A 00 01 00 00 00 00 14
14:32:08.690 设备接收:68 0E 62 0B C8 02 65 01 06 00 01 00 00 00 00 05
14:32:08.782 设备发送:68 0E C8 02 64 0B 65 01 07 00 01 00 00 00 00 05
14:32:08.875 设备接收:68 04 01 00 CA 02
14:32:08.984 设备发送:68 3A CA 02 64 0B CE 89 25 00 01 00 01 64 00 70 A7 03 47 00 52 38 C8 43 00 C0 F5 FA 47 00 5C EF D3 43 00 47 C4 04 48 00 1E 65 B9 43 00 33 4B EA 47 00 5C 8F 77 42 00 67 E2 97 46 00
14:32:09.172 设备发送:68 0E CC 02 64 0B 65 01 0A 00 01 00 00 00 00 05
14:32:12.272 设备接收:68 04 01 00 CE 02
14:32:12.787 设备发送:68 12 CE 02 64 0B 0D 01 03 00 01 00 87 40 00 85 EB C6 42 00
14:32:16.088 设备接收:68 04 01 00 D0 02
14:32:16.808 设备发送:68 12 D0 02 64 0B 0D 01 03 00 01 00 88 40 00 EB D1 C6 42 00
14:32:20.112 设备接收:68 04 01 00 D2 02
14:32:24.834 设备发送:68 12 D2 02 64 0B 0D 01 03 00 01 00 89 40 00 CD CC C6 42 00
14:32:28.140 设备接收:68 04 01 00 D4 02
14:32:36.851 设备发送:68 32 D4 02 64 0B 0D 05 03 00 01 00 58 40 00 67 A6 3B 44 00 59 40 00 33 B3 3A 44 00 5A 40 00 CD 2C 3A 44 00 5B 40 00 33 B3 1B 44 00 70 40 00 00 80 11 43 00
14:32:40.166 设备接收:68 04 01 00 D6 02
14:32:44.897 设备发送:68 22 D6 02 64 0B 0D 03 03 00 01 00 5E 40 00 67 46 3B 44 00 5F 40 00 9A 79 43 44 00 60 40 00 9A 79 39 44 00
14:32:48.400 设备接收:68 04 01 00 D8 02
14:32:52.914 设备发送:68 12 D8 02 64 0B 0D 01 03 00 01 00 0B 40 00 70 3D 8A BF 00
14:32:56.236 设备接收:68 04 01 00 DA 02
14:32:56.938 设备发送:68 12 DA 02 64 0B 0D 01 03 00 01 00 0B 40 00 70 3D 0A C0 00
14:33:00.255 设备接收:68 04 01 00 DC 02
14:33:04.973 设备发送:68 1A DC 02 64 0B 0D 02 03 00 01 00 0B 40 00 70 3D 8A BF 00 90 40 00 00 00 5C 42 00
14:33:08.261 设备接收:68 04 01 00 DE 02
14:33:08.967 设备发送:68 12 DE 02 64 0B 0D 01 03 00 01 00 07 40 00 7B 14 50 43 00
14:33:12.279 设备接收:68 04 01 00 E0 02
14:33:12.970 设备发送:68 12 E0 02 64 0B 0D 01 03 00 01 00 CC 40 00 66 66 78 42 00
14:33:16.277 设备接收:68 04 01 00 E2 02
14:33:16.995 设备发送:68 12 E2 02 64 0B 0D 01 03 00 01 00 C8 40 00 0A 57 AF 42 00
14:33:20.296 设备接收:68 04 01 00 E4 02
14:33:25.037 设备发送:68 12 E4 02 64 0B 0D 01 03 00 01 00 C9 40 00 E1 7A AF 42 00
14:33:28.526 设备接收:68 04 01 00 E6 02
14:33:29.039 设备发送:68 1A E6 02 64 0B 0D 02 03 00 01 00 C7 40 00 67 66 6B 43 00 CA 40 00 F6 A8 B0 42 00
14:33:32.540 设备接收:68 04 01 00 E8 02
14:33:42.770 设备发送:68 04 83 00 00 00
14:33:42.786 设备接收:68 04 43 00 00 00
14:33:45.110 设备发送:68 2A E8 02 64 0B 0D 04 03 00 01 00 0B 40 00 85 EB 11 C0 00 9A 40 00 CD EC 19 44 00 9C 40 00 00 E0 16 44 00 B1 40 00 CD 4C 12 43 00
14:33:48.392 设备接收:68 04 01 00 EA 02
14:33:49.092 设备发送:68 22 EA 02 64 0B 0D 03 03 00 01 00 9E 40 00 33 53 3B 44 00 9F 40 00 CD 2C 05 44 00 A0 40 00 00 C0 10 44 00
14:33:52.426 设备接收:68 04 01 00 EC 02
14:33:53.118 设备发送:68 12 EC 02 64 0B 0D 01 03 00 01 00 0B 40 00 99 99 99 BF 00
14:33:56.437 设备接收:68 04 01 00 EE 02
14:33:57.128 设备发送:68 12 EE 02 64 0B 0D 01 03 00 01 00 0B 40 00 85 EB 11 C0 00
14:34:00.431 设备接收:68 04 01 00 F0 02
14:34:09.147 设备发送:68 1A F0 02 64 0B 0D 02 03 00 01 00 0B 40 00 70 3D 8A BF 00 D1 40 00 00 00 40 42 00
14:34:12.456 设备接收:68 04 01 00 F2 02
14:34:13.158 设备发送:68 12 F2 02 64 0B 0D 01 03 00 01 00 0B 40 00 70 3D 0A C0 00
14:34:16.483 设备接收:68 04 01 00 F4 02
14:34:17.186 设备发送:68 12 F4 02 64 0B 0D 01 03 00 01 00 07 40 00 00 00 4F 43 00
14:34:20.494 设备接收:68 04 01 00 F6 02
14:34:30.917 设备发送:68 04 83 00 00 00
14:34:30.933 设备接收:68 04 43 00 00 00
14:34:33.212 设备发送:68 12 F6 02 64 0B 0D 01 03 00 01 00 08 40 00 AE 47 89 42 00
14:34:36.542 设备接收:68 04 01 00 F8 02
14:34:46.951 设备接收:68 04 43 00 00 00
14:34:46.970 设备发送:68 04 83 00 00 00
14:34:49.263 设备发送:68 1A F8 02 64 0B 0D 02 03 00 01 00 DA 40 00 00 80 24 44 00 DB 40 00 00 40 28 44 00
14:34:52.572 设备接收:68 04 01 00 FA 02
14:34:57.301 设备发送:68 12 FA 02 64 0B 0D 01 03 00 01 00 0B 40 00 70 3D 8A BF 00
14:35:00.606 设备接收:68 04 01 00 FC 02
14:35:11.038 设备接收:68 04 43 00 00 00
14:35:11.054 设备发送:68 04 83 00 00 00
14:35:21.476 设备接收:68 04 43 00 00 00
14:35:21.492 设备发送:68 04 83 00 00 00
14:35:25.396 设备发送:68 12 FC 02 64 0B 0D 01 03 00 01 00 15 40 00 CD CC 7C 43 00
14:35:28.699 设备接收:68 04 01 00 FE 02
14:35:29.398 设备发送:68 1A FE 02 64 0B 0D 02 03 00 01 00 0A 40 00 AE 47 89 42 00 4A 40 00 70 BD 82 42 00
14:35:32.706 设备接收:68 04 01 00 00 03
14:35:33.391 设备发送:68 1A 00 03 64 0B 0D 02 03 00 01 00 07 40 00 CC CC 4D 43 00 46 40 00 66 66 B9 42 00
14:35:36.711 设备接收:68 04 01 00 02 03
14:35:37.413 设备发送:68 1A 02 03 64 0B 0D 02 03 00 01 00 09 40 00 3D 0A 89 42 00 47 40 00 B8 1E B9 42 00
14:35:40.734 设备接收:68 04 01 00 04 03
14:35:45.433 设备发送:68 12 04 03 64 0B 0D 01 03 00 01 00 48 40 00 66 66 B8 42 00
14:35:48.766 设备接收:68 04 01 00 06 03
14:35:57.494 设备发送:68 32 06 03 64 0B 0D 05 03 00 01 00 17 40 00 67 26 1B 44 00 18 40 00 33 D3 1C 44 00 19 40 00 33 93 3A 44 00 1A 40 00 9A 39 1C 44 00 2F 40 00 9A 19 14 43 00
14:36:00.769 设备接收:68 04 01 00 08 03
14:36:05.514 设备发送:68 22 08 03 64 0B 0D 03 03 00 01 00 1C 40 00 33 53 27 44 00 1E 40 00 67 66 3B 44 00 20 40 00 33 33 F8 42 00
14:36:08.813 设备接收:68 04 01 00 0A 03
14:36:13.531 设备发送:68 12 0A 03 64 0B 0D 01 03 00 01 00 07 40 00 52 B8 4C 43 00
14:36:17.050 设备接收:68 04 01 00 0C 03
14:36:25.565 设备发送:68 12 0C 03 64 0B 0D 01 03 00 01 00 4F 40 00 00 00 1C 42 00
14:36:28.896 设备接收:68 04 01 00 0E 03
14:36:33.607 设备发送:68 1A 0E 03 64 0B 0D 02 03 00 01 00 8B 40 00 F6 A8 89 42 00 8C 40 00 66 66 E6 3E 00
14:36:36.908 设备接收:68 04 01 00 10 03
14:36:37.623 设备发送:68 12 10 03 64 0B 0D 01 03 00 01 00 87 40 00 1E 85 C2 42 00
14:36:40.952 设备接收:68 04 01 00 12 03
14:36:45.653 设备发送:68 12 12 03 64 0B 0D 01 03 00 01 00 88 40 00 52 38 C3 42 00
14:36:48.953 设备接收:68 04 01 00 14 03
14:36:49.657 设备发送:68 12 14 03 64 0B 0D 01 03 00 01 00 89 40 00 52 B8 C2 42 00
14:36:52.972 设备接收:68 04 01 00 16 03
14:37:03.395 设备发送:68 04 83 00 00 00
14:37:03.411 设备接收:68 04 43 00 00 00
14:37:05.737 设备发送:68 1A 16 03 64 0B 0D 02 03 00 01 00 5B 40 00 67 C6 1A 44 00 70 40 00 CD 4C 0E 43 00
14:37:09.047 设备接收:68 04 01 00 18 03
14:37:09.734 设备发送:68 2A 18 03 64 0B 0D 04 03 00 01 00 5D 40 00 33 53 1B 44 00 5E 40 00 00 60 3D 44 00 5F 40 00 67 86 41 44 00 60 40 00 67 86 3B 44 00
14:37:13.049 设备接收:68 04 01 00 1A 03
14:37:23.477 设备发送:68 04 83 00 00 00
14:37:23.493 设备接收:68 04 43 00 00 00
14:37:29.790 设备发送:68 12 1A 03 64 0B 0D 01 03 00 01 00 90 40 00 00 00 8A 42 00
14:37:33.092 设备接收:68 04 01 00 1C 03
14:37:37.808 设备发送:68 1A 1C 03 64 0B 0D 02 03 00 01 00 CC 40 00 E1 7A 72 42 00 CD 40 00 AE 47 21 BF 00
14:37:41.107 设备接收:68 04 01 00 1E 03
14:37:45.835 设备发送:68 1A 1E 03 64 0B 0D 02 03 00 01 00 07 40 00 1E 85 4B 43 00 C8 40 00 C2 75 AB 42 00
14:37:49.143 设备接收:68 04 01 00 20 03
14:37:49.829 设备发送:68 12 20 03 64 0B 0D 01 03 00 01 00 C9 40 00 B8 1E AC 42 00
14:37:50.343 设备接收:68 0D 64 0B 22 03 C9 01 06 00 01 00 00 00 00
14:37:50.437 设备发送:68 18 22 03 66 0B C9 01 07 00 01 00 00 00 00 00 00 00 00 01 00 00 00 00 00 00
14:37:53.357 设备接收:68 04 01 00 24 03
14:37:53.875 设备发送:68 1A 24 03 66 0B 0D 02 03 00 01 00 C7 40 00 67 66 6C 43 00 CA 40 00 CD 4C AC 42 00
14:37:57.173 设备接收:68 04 01 00 26 03
14:38:01.372 设备接收:68 0F 66 0B 26 03 CA 01 06 00 01 00 00 00 02 80 00
14:38:01.481 设备发送:68 0C 26 03 68 0B CA 00 07 00 01 00 00 00
14:38:04.774 设备接收:68 04 01 00 28 03
14:38:09.906 设备发送:68 32 28 03 68 0B 0D 05 03 00 01 00 99 40 00 CD 8C 1C 44 00 9A 40 00 9A F9 1A 44 00 9B 40 00 33 13 1C 44 00 9C 40 00 CD EC 15 44 00 B1 40 00 9A 19 0F 43 00
14:38:13.207 设备接收:68 04 01 00 2A 03
14:38:13.880 设备发送:68 32 2A 03 68 0B 0D 05 03 00 01 00 08 40 00 B8 1E 87 42 00 9E 40 00 CD 4C 3A 44 00 9F 40 00 67 26 06 44 00 A0 40 00 00 C0 11 44 00 A1 40 00 9A 79 06 44 00
14:38:17.202 设备接收:68 04 01 00 2C 03
14:38:27.631 设备接收:68 04 43 00 00 00
14:38:27.647 设备发送:68 04 83 00 00 00
14:38:33.974 设备发送:68 12 2C 03 68 0B 0D 01 03 00 01 00 D1 40 00 00 00 18 42 00
14:38:34.067 设备接收:68 0C 68 0B 2C 03 CA 00 06 00 01 00 00 00
14:38:34.169 设备发送:68 EF 2E 03 6A 0B CA 16 07 00 01 00 00 00 01 01 80 00 04 03 44 33 30 02 80 00 04 05 6C 69 6E 75 78 03 80 00 04 1E E4 B8 9C E6 96 B9 E7 94 B5 E5 AD 90 E8 82 A1 E4 BB BD E6 9C 89 E9 99 90 E5 85 AC E5 8F B8 04 80 00 04 07 48 56 30 31 2E 30 31 05 80 00 04 07 48 56 30 32 2E 30 31 06 80 00 04 07 44 46 2D 61 75 74 6F 07 80 00 04 08 32 30 31 36 2D 31 30 34 08 80 00 04 08 45 39 33 36 31 2D 43 30 09 80 00 04 18 31 31 32 32 33 33 34 34 35 35 36 36 37 37 38 38 39 39 30 30 31 31 32 32 0A 80 00 04 11 38 61 3A 34 36 3A 34 33 3A 34 39 3A 62 32 3A 30 30 0B 80 00 00 00 0C 80 00 00 00 0D 80 00 00 00 0E 80 00 00 00 0F 80 00 00 00 10 80 00 00 00 11 80 00 00 00 12 80 00 00 00 13 80 00 00 00 14 80 00 00 00 15 80 00 00 00 16 80 00 00 00
14:38:34.388 设备发送:68 EE 30 03 6A 0B CA 19 07 00 01 00 00 00 01 20 80 00 26 04 00 00 00 00 21 80 00 02 04 00 00 00 00 22 80 00 26 04 00 00 00 00 23 80 00 02 04 00 00 00 00 24 80 00 26 04 9A 99 19 40 25 80 00 26 04 9A 99 19 40 26 80 00 26 04 00 00 00 00 27 80 00 02 04 00 00 00 00 28 80 00 26 04 9A 99 19 40 29 80 00 26 04 9A 99 19 40 2A 80 00 26 04 00 00 00 00 2B 80 00 02 04 00 00 00 00 2C 80 00 26 04 9A 99 19 40 2D 80 00 26 04 9A 99 19 40 2E 80 00 26 04 00 00 00 00 2F 80 00 02 04 00 00 00 00 30 80 00 26 04 9A 99 19 40 31 80 00 26 04 9A 99 19 40 32 80 00 26 04 00 00 00 00 33 80 00 02 04 00 00 00 00 34 80 00 26 04 9A 99 19 40 35 80 00 26 04 9A 99 19 40 36 80 00 26 04 00 00 00 00 37 80 00 02 04 00 00 00 00 38 80 00 26 04 9A 99 19 40
14:38:34.570 设备发送:68 EE 32 03 6A 0B CA 19 07 00 01 00 00 00 00 20 82 00 26 04 00 00 00 00 21 82 00 26 04 00 00 00 00 22 82 00 26 04 00 00 00 00 23 82 00 26 04 00 00 00 00 24 82 00 26 04 00 00 00 00 25 82 00 26 04 00 00 00 00 26 82 00 26 04 00 00 00 00 27 82 00 26 04 00 00 00 00 28 82 00 26 04 00 00 00 00 29 82 00 26 04 00 00 00 00 2A 82 00 26 04 00 00 00 00 2B 82 00 26 04 00 00 00 00 2C 82 00 26 04 00 00 00 00 2D 82 00 26 04 00 00 00 00 2E 82 00 26 04 00 00 00 00 2F 82 00 26 04 00 00 00 00 30 82 00 26 04 00 00 00 00 31 82 00 26 04 00 00 00 00 32 82 00 26 04 00 00 00 00 33 82 00 26 04 00 00 00 00 34 82 00 26 04 00 00 00 00 35 82 00 26 04 00 00 00 00 36 82 00 26 04 00 00 00 00 37 82 00 26 04 00 00 00 00 38 82 00 26 04 00 00 00 00
14:38:34.679 设备接收:68 04 01 00 34 03
14:38:38.005 设备发送:68 12 34 03 6A 0B 0D 01 03 00 01 00 0A 40 00 B8 1E 87 42 00
14:38:41.321 设备接收:68 04 01 00 36 03
14:38:51.732 设备发送:68 04 83 00 00 00
14:38:51.747 设备接收:68 04 43 00 00 00
14:39:02.166 设备接收:68 04 43 00 00 00
14:39:02.181 设备发送:68 04 83 00 00 00
14:39:06.102 设备发送:68 12 36 03 6A 0B 0D 01 03 00 01 00 09 40 00 47 E1 86 42 00
14:39:09.399 设备接收:68 04 01 00 38 03
14:39:14.104 设备发送:68 22 38 03 6A 0B 0D 03 03 00 01 00 07 40 00 A4 70 4A 43 00 DA 40 00 67 86 26 44 00 DB 40 00 00 40 27 44 00
14:39:17.414 设备接收:68 04 01 00 3A 03
14:39:27.845 设备发送:68 04 83 00 00 00
14:39:27.860 设备接收:68 04 43 00 00 00
14:39:38.067 设备接收:68 04 43 00 00 00
14:39:38.083 设备发送:68 04 83 00 00 00
14:39:39.273 设备接收:68 0C 6A 0B 3A 03 CA 00 06 00 01 00 00 00
14:39:39.383 设备发送:68 EF 3A 03 6C 0B CA 16 07 00 01 00 00 00 01 01 80 00 04 03 44 33 30 02 80 00 04 05 6C 69 6E 75 78 03 80 00 04 1E E4 B8 9C E6 96 B9 E7 94 B5 E5 AD 90 E8 82 A1 E4 BB BD E6 9C 89 E9 99 90 E5 85 AC E5 8F B8 04 80 00 04 07 48 56 30 31 2E 30 31 05 80 00 04 07 48 56 30 32 2E 30 31 06 80 00 04 07 44 46 2D 61 75 74 6F 07 80 00 04 08 32 30 31 36 2D 31 30 34 08 80 00 04 08 45 39 33 36 31 2D 43 30 09 80 00 04 18 31 31 32 32 33 33 34 34 35 35 36 36 37 37 38 38 39 39 30 30 31 31 32 32 0A 80 00 04 11 38 61 3A 34 36 3A 34 33 3A 34 39 3A 62 32 3A 30 30 0B 80 00 00 00 0C 80 00 00 00 0D 80 00 00 00 0E 80 00 00 00 0F 80 00 00 00 10 80 00 00 00 11 80 00 00 00 12 80 00 00 00 13 80 00 00 00 14 80 00 00 00 15 80 00 00 00 16 80 00 00 00
14:39:39.568 设备发送:68 EE 3C 03 6C 0B CA 19 07 00 01 00 00 00 01 20 80 00 26 04 00 00 00 00 21 80 00 02 04 00 00 00 00 22 80 00 26 04 00 00 00 00 23 80 00 02 04 00 00 00 00 24 80 00 26 04 9A 99 19 40 25 80 00 26 04 9A 99 19 40 26 80 00 26 04 00 00 00 00 27 80 00 02 04 00 00 00 00 28 80 00 26 04 9A 99 19 40 29 80 00 26 04 9A 99 19 40 2A 80 00 26 04 00 00 00 00 2B 80 00 02 04 00 00 00 00 2C 80 00 26 04 9A 99 19 40 2D 80 00 26 04 9A 99 19 40 2E 80 00 26 04 00 00 00 00 2F 80 00 02 04 00 00 00 00 30 80 00 26 04 9A 99 19 40 31 80 00 26 04 9A 99 19 40 32 80 00 26 04 00 00 00 00 33 80 00 02 04 00 00 00 00 34 80 00 26 04 9A 99 19 40 35 80 00 26 04 9A 99 19 40 36 80 00 26 04 00 00 00 00 37 80 00 02 04 00 00 00 00 38 80 00 26 04 9A 99 19 40
14:39:39.803 设备发送:68 EE 3E 03 6C 0B CA 19 07 00 01 00 00 00 00 20 82 00 26 04 00 00 00 00 21 82 00 26 04 00 00 00 00 22 82 00 26 04 00 00 00 00 23 82 00 26 04 00 00 00 00 24 82 00 26 04 00 00 00 00 25 82 00 26 04 00 00 00 00 26 82 00 26 04 00 00 00 00 27 82 00 26 04 00 00 00 00 28 82 00 26 04 00 00 00 00 29 82 00 26 04 00 00 00 00 2A 82 00 26 04 00 00 00 00 2B 82 00 26 04 00 00 00 00 2C 82 00 26 04 00 00 00 00 2D 82 00 26 04 00 00 00 00 2E 82 00 26 04 00 00 00 00 2F 82 00 26 04 00 00 00 00 30 82 00 26 04 00 00 00 00 31 82 00 26 04 00 00 00 00 32 82 00 26 04 00 00 00 00 33 82 00 26 04 00 00 00 00 34 82 00 26 04 00 00 00 00 35 82 00 26 04 00 00 00 00 36 82 00 26 04 00 00 00 00 37 82 00 26 04 00 00 00 00 38 82 00 26 04 00 00 00 00
14:39:42.704 设备接收:68 04 01 00 40 03
14:39:46.200 设备发送:68 12 40 03 6C 0B 0D 01 03 00 01 00 05 40 00 33 33 BF 41 00
14:39:49.523 设备接收:68 04 01 00 42 03
14:39:50.226 设备发送:68 12 42 03 6C 0B 0D 01 03 00 01 00 15 40 00 9A 19 2D 43 00
14:39:53.525 设备接收:68 04 01 00 44 03
14:39:54.260 设备发送:68 12 44 03 6C 0B 0D 01 03 00 01 00 4A 40 00 47 E1 7F 42 00
14:39:57.555 设备接收:68 04 01 00 46 03
14:39:58.259 设备发送:68 12 46 03 6C 0B 0D 01 03 00 01 00 46 40 00 7B 14 B5 42 00
14:40:01.556 设备接收:68 04 01 00 48 03
14:40:02.179 设备接收:68 14 6C 0B 48 03 67 01 06 00 01 00 00 00 00 83 02 28 0E 0C 01 19
14:40:02.477 设备发送:68 14 48 03 6E 0B 67 01 07 00 01 00 00 00 00 83 02 28 0E 0C 01 19
14:40:06.007 设备接收:68 04 01 00 4A 03
14:40:06.504 设备发送:68 12 4A 03 6E 0B 0D 01 03 00 01 00 47 40 00 A4 F0 B4 42 00
14:40:07.008 设备接收:68 0E 6E 0B 4C 03 64 01 06 00 01 00 00 00 00 14
14:40:07.087 设备发送:68 0E 4C 03 70 0B 64 01 07 00 01 00 00 00 00 14
14:40:07.291 设备发送:68 8C 4E 03 70 0B 01 FF 14 00 01 00 01 00 00 01 00 00 00 00 00 00 00 00 01 00 00 00 00 00 00 00 00 00 00 00 00 00 00 00 00 00 00 00 00 00 00 00 00 00 00 00 00 00 00 00 00 00 00 00 00 00 00 00 00 00 00 00 00 00 01 00 00 00 00 00 00 00 00 00 00 00 00 00 00 00 00 00 00 00 00 00 00 00 00 00 00 00 00 00 00 00 00 00 00 00 00 00 00 00 00 00 00 00 00 00 01 00 00 00 00 00 00 00 00 00 00 00 00 00 00 00 00 00 00 00 00 00 00 00 00 00
14:40:07.509 设备发送:68 4C 50 03 70 0B 01 BF 14 00 01 00 80 00 00 00 00 00 00 00 00 00 00 00 00 00 00 00 00 00 00 00 00 00 00 01 00 00 00 00 00 00 00 00 00 00 00 00 00 00 00 00 00 00 00 00 00 00 00 00 00 00 00 00 00 00 00 00 00 00 00 00 00 00 00 00 00 00
14:40:07.601 设备接收:68 04 01 00 52 03
14:40:07.696 设备发送:68 E4 52 03 70 0B 0D AB 14 00 01 00 01 40 00 00 00 6A 43 00 67 E6 69 43 00 33 33 6A 43 00 00 00 00 00 00 00 00 C0 41 00 00 00 C0 41 00 C2 F5 49 43 00 D7 A3 86 42 00 F6 28 86 42 00 D7 A3 86 42 00 8F C2 F5 BF 00 99 99 19 BF 00 3D 0A 57 BF 00 8F C2 F5 BD 00 00 00 80 3F 00 CD CC 47 42 00 E8 51 F8 40 00 14 AE 97 41 00 CD EC 7D 44 00 00 00 00 00 00 9A 19 2D 43 00 00 00 00 00 00 67 26 1B 44 00 33 D3 1C 44 00 33 93 3A 44 00 9A 39 1C 44 00 F5 28 78 42 00 33 53 27 44 00 CD 4C 25 44 00 67 66 3B 44 00 67 66 F6 42 00 33 33 F8 42 00 00 00 80 3F 00 00 00 00 00 00 00 00 00 00 00 00 00 00 00 00 00 00 00 00 00 00 00 00 00 00 00 00 00 00 00 00 00 00 00 00 00 00 00 00 00 00 00 00 00 00 E1 7A 6C 41 00
14:40:07.900 设备发送:68 E4 54 03 70 0B 0D AB 14 00 01 00 2C 40 00 52 B8 66 41 00 3D 0A 67 41 00 5C 8F 62 41 00 9A 19 14 43 00 47 E1 62 41 00 14 AE EF 40 00 0A D7 EB 40 00 00 00 00 00 00 00 00 00 00 00 00 00 00 00 00 00 00 00 00 00 00 00 00 00 00 00 00 00 00 00 00 00 00 00 00 00 00 00 00 00 00 00 00 00 00 00 00 00 00 00 00 00 00 00 00 00 00 00 00 00 00 00 00 00 00 00 00 00 00 00 00 00 00 00 00 00 00 00 00 00 00 00 6B 43 00 9A 19 6C 43 00 33 B3 6B 43 00 7B 14 B5 42 00 A4 F0 B4 42 00 66 66 B8 42 00 00 00 00 00 00 47 E1 7F 42 00 E1 7A 14 BF 00 00 00 00 00 00 47 E1 47 42 00 00 00 00 00 00 00 00 1C 42 00 00 00 2D 44 00 00 00 DC 42 00 00 00 00 00 00 00 00 00 00 00 00 00 00 00 00 00 00 00 00 00 00 00 00 00 00
14:40:08.112 设备发送:68 DA 56 03 70 0B 0D A9 14 00 01 00 57 40 00 00 00 00 00 00 33 B3 3B 44 00 9A B9 3A 44 00 00 40 3A 44 00 67 C6 1A 44 00 99 99 6F 42 00 33 53 1B 44 00 00 60 3D 44 00 67 86 41 44 00 67 86 3B 44 00 00 00 00 00 00 00 00 00 00 00 00 00 00 00 00 00 00 00 00 00 00 00 00 00 00 00 00 00 00 00 00 00 00 00 00 00 00 00 00 00 00 00 00 00 00 00 00 00 00 00 00 00 00 00 00 CC CC 60 41 00 85 EB 61 41 00 D7 A3 E0 40 00 EB 51 6C 41 00 CD 4C 0E 43 00 5C 8F F2 40 00 8F C2 ED 40 00 F5 28 F4 40 00 66 66 62 41 00 29 5C 8F 3D 00 00 00 00 00 00 00 00 00 00 00 00 00 00 00 00 00 00 00 00 00 00 00 00 00 00 00 00 00 00 00 00 00 00 00 00 00 00 00 00 00 00 00 00 00 00 00 00 00 00 00
14:40:08.324 设备发送:68 E4 58 03 70 0B 0D AB 14 00 01 00 80 40 00 00 00 00 00 00 00 00 00 00 00 00 00 00 00 00 00 00 00 00 00 33 33 6C 43 00 33 B3 6A 43 00 33 B3 6C 43 00 1E 85 C2 42 00 52 38 C3 42 00 52 B8 C2 42 00 00 00 00 00 00 F6 A8 89 42 00 66 66 E6 3E 00 00 00 00 00 00 CD CC 47 42 00 00 00 00 00 00 00 00 8A 42 00 00 40 2D 44 00 00 00 DC 42 00 00 00 00 00 00 00 00 00 00 00 00 00 00 00 00 00 00 00 00 00 00 00 00 00 00 00 00 00 00 00 CD 8C 1C 44 00 9A F9 1A 44 00 33 13 1C 44 00 CD EC 15 44 00 66 66 95 42 00 CD 4C 3A 44 00 67 26 06 44 00 00 C0 11 44 00 9A 79 06 44 00 33 33 FA 42 00 CD CC CC 3E 00 CD CC CC 3E 00 00 00 00 00 00 00 00 00 00 00 00 00 00 00 00 00 00 00 00 00 00 00 00 00 00 00 00 00 00 00
14:40:08.402 设备接收:68 04 01 00 5A 03
14:40:08.511 设备发送:68 E4 5A 03 70 0B 0D AB 14 00 01 00 AB 40 00 00 00 00 00 00 00 00 00 00 00 85 EB 61 41 00 D7 A3 6C 41 00 0A D7 67 41 00 C2 F5 E0 40 00 9A 19 0F 43 00 C2 F5 E8 40 00 47 E1 EA 40 00 70 3D E2 40 00 C2 F5 6C 41 00 CC CC 4C 3E 00 00 00 00 00 00 0A D7 23 3D 00 00 00 00 00 00 00 00 00 00 00 00 00 00 00 00 00 00 00 00 00 00 00 00 00 00 00 00 00 00 00 00 00 00 00 00 00 00 00 00 00 00 00 00 00 00 00 00 00 00 00 00 00 00 00 00 00 00 00 00 00 00 00 6C 43 00 67 66 6A 43 00 67 66 6C 43 00 C2 75 AB 42 00 B8 1E AC 42 00 CD 4C AC 42 00 00 00 00 00 00 E1 7A 72 42 00 AE 47 21 BF 00 00 00 00 00 00 00 00 48 42 00 00 00 00 00 00 00 00 18 42 00 00 00 30 44 00 00 00 DC 42 00 00 00 00 00 00 00 00 00 00 00
14:40:08.712 设备发送:68 DA 5C 03 70 0B 0D A9 14 00 01 00 D6 40 00 00 00 00 00 00 00 00 00 00 00 00 00 00 00 00 00 00 00 00 00 67 86 26 44 00 00 40 27 44 00 9A 99 99 3F 00 00 00 00 00 00 00 00 00 00 00 00 00 00 00 00 00 00 00 00 00 00 00 00 00 00 00 00 00 00 00 00 00 00 00 00 00 00 00 00 00 00 00 00 00 00 00 00 00 00 00 00 00 00 00 00 00 00 00 00 00 00 00 00 00 00 00 00 00 00 00 00 00 00 00 00 00 00 00 00 00 00 00 00 00 00 70 3D F2 40 00 1E 85 EB 40 00 00 00 00 00 00 00 00 00 00 00 00 00 00 00 00 00 00 00 00 00 00 00 00 00 00 00 00 00 00 00 00 00 00 00 00 00 00 00 00 00 00 00 00 00 00 00 00 00 00 00 00 00 00 00 00 00 00 00 00 00 00 00 00 00 00 00 00 00 00 00 00 00 00 00 00
14:40:08.914 设备发送:68 99 5E 03 70 0B 0D 9C 14 00 01 00 FF 40 00 00 00 00 00 00 00 00 00 00 00 00 00 00 00 00 00 00 00 00 00 00 00 00 00 00 00 00 00 00 00 00 00 00 00 00 67 66 6D 43 00 67 E6 6C 43 00 9A 19 6D 43 00 66 66 5A 41 00 7B 14 5A 41 00 52 B8 5A 41 00 00 00 00 00 00 47 E1 1A 41 00 8F C2 75 3D 00 00 00 00 00 00 00 00 48 42 00 00 00 00 00 00 00 00 C8 41 00 00 00 15 44 00 00 00 88 41 00 00 00 00 00 00 00 00 00 00 00 00 00 00 00 00 00 00 00 00 00 00 00 00 00 00 00 00 00 00 00
14:40:09.119 设备发送:68 0E 60 03 70 0B 64 01 0A 00 01 00 00 00 00 14
14:40:09.226 设备接收:68 0E 70 0B 62 03 65 01 06 00 01 00 00 00 00 05
14:40:09.318 设备发送:68 0E 62 03 72 0B 65 01 07 00 01 00 00 00 00 05
14:40:09.443 设备接收:68 04 01 00 62 03
14:40:09.537 设备发送:68 3A 64 03 72 0B CE 89 25 00 01 00 01 64 00 BB A9 03 47 00 AE A7 CA 43 00 33 F8 FA 47 00 47 21 D9 43 00 E0 C6 04 48 00 52 F8 BD 43 00 CD 4F EA 47 00 66 66 7D 42 00 33 E5 97 46 00
14:40:09.710 设备发送:68 0E 66 03 72 0B 65 01 0A 00 01 00 00 00 00 05
14:40:12.648 设备接收:68 04 01 00 68 03
14:40:18.570 设备发送:68 12 68 03 72 0B 0D 01 03 00 01 00 0B 40 00 EB 51 38 BF 00
14:40:21.843 设备接收:68 04 01 00 6A 03
14:40:26.573 设备发送:68 32 6A 03 72 0B 0D 05 03 00 01 00 17 40 00 9A 19 1D 44 00 18 40 00 00 E0 1D 44 00 19 40 00 CD 8C 3B 44 00 1A 40 00 CD 2C 1D 44 00 2F 40 00 CD 4C 12 43 00
14:40:29.879 设备接收:68 04 01 00 6C 03
14:40:30.554 设备发送:68 22 6C 03 72 0B 0D 03 03 00 01 00 1C 40 00 00 40 29 44 00 1D 40 00 33 53 26 44 00 1E 40 00 00 60 3C 44 00
14:40:33.887 设备接收:68 04 01 00 6E 03
14:40:44.308 设备接收:68 04 43 00 00 00
14:40:44.324 设备发送:68 04 83 00 00 00
14:40:50.630 设备发送:68 1A 6E 03 72 0B 0D 02 03 00 01 00 0B 40 00 8F C2 F5 BF 00 4F 40 00 00 00 48 42 00
14:40:53.959 设备接收:68 04 01 00 70 03
14:40:58.648 设备发送:68 1A 70 03 72 0B 0D 02 03 00 01 00 8B 40 00 1F 85 87 42 00 8C 40 00 85 EB D1 BF 00
14:41:02.178 设备接收:68 04 01 00 72 03
14:41:06.675 设备发送:68 1A 72 03 72 0B 0D 02 03 00 01 00 0B 40 00 EB 51 38 BF 00 87 40 00 0A D7 BF 42 00
14:41:09.974 设备接收:68 04 01 00 74 03
14:41:10.677 设备发送:68 12 74 03 72 0B 0D 01 03 00 01 00 88 40 00 33 B3 BF 42 00
14:41:14.009 设备接收:68 04 01 00 76 03
14:41:14.697 设备发送:68 12 76 03 72 0B 0D 01 03 00 01 00 89 40 00 D7 A3 BF 42 00
14:41:18.012 设备接收:68 04 01 00 78 03
14:41:18.710 设备发送:68 12 78 03 72 0B 0D 01 03 00 01 00 0B 40 00 66 66 E6 BF 00
14:41:22.007 设备接收:68 04 01 00 7A 03
14:41:30.740 设备发送:68 2A 7A 03 72 0B 0D 04 03 00 01 00 58 40 00 CD AC 3D 44 00 59 40 00 CD AC 3C 44 00 5B 40 00 00 C0 1B 44 00 70 40 00 33 B3 0B 43 00
14:41:34.050 设备接收:68 04 01 00 7C 03
14:41:34.781 设备发送:68 2A 7C 03 72 0B 0D 04 03 00 01 00 0B 40 00 EB 51 38 BF 00 5D 40 00 CD 4C 1C 44 00 5F 40 00 67 86 43 44 00 60 40 00 00 80 3A 44 00
14:41:38.063 设备接收:68 04 01 00 7E 03
14:41:46.798 设备发送:68 12 7E 03 72 0B 0D 01 03 00 01 00 07 40 00 47 E1 48 43 00
14:41:49.898 设备接收:68 0F 72 0B 80 03 CA 01 06 00 01 00 00 00 0B 80 00
14:41:50.007 设备发送:68 12 80 03 74 0B CA 01 07 00 01 00 00 00 01 0B 80 00 00 00
14:41:50.116 设备接收:68 04 01 00 80 03
14:41:53.501 设备接收:68 04 01 00 82 03
14:41:54.812 设备发送:68 12 82 03 74 0B 0D 01 03 00 01 00 90 40 00 00 00 68 42 00
14:41:58.139 设备接收:68 04 01 00 84 03
14:41:58.842 设备发送:68 12 84 03 74 0B 0D 01 03 00 01 00 0B 40 00 66 66 E6 BF 00
14:41:59.329 设备接收:68 0C 74 0B 86 03 CA 00 06 00 01 00 00 00
14:41:59.440 设备发送:68 EF 86 03 76 0B CA 16 07 00 01 00 00 00 01 01 80 00 04 03 44 33 30 02 80 00 04 05 6C 69 6E 75 78 03 80 00 04 1E E4 B8 9C E6 96 B9 E7 94 B5 E5 AD 90 E8 82 A1 E4 BB BD E6 9C 89 E9 99 90 E5 85 AC E5 8F B8 04 80 00 04 07 48 56 30 31 2E 30 31 05 80 00 04 07 48 56 30 32 2E 30 31 06 80 00 04 07 44 46 2D 61 75 74 6F 07 80 00 04 08 32 30 31 36 2D 31 30 34 08 80 00 04 08 45 39 33 36 31 2D 43 30 09 80 00 04 18 31 31 32 32 33 33 34 34 35 35 36 36 37 37 38 38 39 39 30 30 31 31 32 32 0A 80 00 04 11 38 61 3A 34 36 3A 34 33 3A 34 39 3A 62 32 3A 30 30 0B 80 00 00 00 0C 80 00 00 00 0D 80 00 00 00 0E 80 00 00 00 0F 80 00 00 00 10 80 00 00 00 11 80 00 00 00 12 80 00 00 00 13 80 00 00 00 14 80 00 00 00 15 80 00 00 00 16 80 00 00 00
14:41:59.628 设备发送:68 EE 88 03 76 0B CA 19 07 00 01 00 00 00 01 20 80 00 26 04 00 00 00 00 21 80 00 02 04 00 00 00 00 22 80 00 26 04 00 00 00 00 23 80 00 02 04 00 00 00 00 24 80 00 26 04 9A 99 19 40 25 80 00 26 04 9A 99 19 40 26 80 00 26 04 00 00 00 00 27 80 00 02 04 00 00 00 00 28 80 00 26 04 9A 99 19 40 29 80 00 26 04 9A 99 19 40 2A 80 00 26 04 00 00 00 00 2B 80 00 02 04 00 00 00 00 2C 80 00 26 04 9A 99 19 40 2D 80 00 26 04 9A 99 19 40 2E 80 00 26 04 00 00 00 00 2F 80 00 02 04 00 00 00 00 30 80 00 26 04 9A 99 19 40 31 80 00 26 04 9A 99 19 40 32 80 00 26 04 00 00 00 00 33 80 00 02 04 00 00 00 00 34 80 00 26 04 9A 99 19 40 35 80 00 26 04 9A 99 19 40 36 80 00 26 04 00 00 00 00 37 80 00 02 04 00 00 00 00 38 80 00 26 04 9A 99 19 40
14:41:59.844 设备发送:68 EE 8A 03 76 0B CA 19 07 00 01 00 00 00 00 20 82 00 26 04 00 00 00 00 21 82 00 26 04 00 00 00 00 22 82 00 26 04 00 00 00 00 23 82 00 26 04 00 00 00 00 24 82 00 26 04 00 00 00 00 25 82 00 26 04 00 00 00 00 26 82 00 26 04 00 00 00 00 27 82 00 26 04 00 00 00 00 28 82 00 26 04 00 00 00 00 29 82 00 26 04 00 00 00 00 2A 82 00 26 04 00 00 00 00 2B 82 00 26 04 00 00 00 00 2C 82 00 26 04 00 00 00 00 2D 82 00 26 04 00 00 00 00 2E 82 00 26 04 00 00 00 00 2F 82 00 26 04 00 00 00 00 30 82 00 26 04 00 00 00 00 31 82 00 26 04 00 00 00 00 32 82 00 26 04 00 00 00 00 33 82 00 26 04 00 00 00 00 34 82 00 26 04 00 00 00 00 35 82 00 26 04 00 00 00 00 36 82 00 26 04 00 00 00 00 37 82 00 26 04 00 00 00 00 38 82 00 26 04 00 00 00 00
14:41:59.952 设备接收:68 04 01 00 8C 03
14:42:10.588 设备接收:68 04 43 00 00 00
14:42:10.604 设备发送:68 04 83 00 00 00
14:42:10.914 设备发送:68 12 8C 03 76 0B 0D 01 03 00 01 00 C8 40 00 47 E1 A8 42 00
14:42:14.210 设备接收:68 04 01 00 8E 03
14:42:14.899 设备发送:68 12 8E 03 76 0B 0D 01 03 00 01 00 C9 40 00 85 EB A8 42 00
14:42:18.427 设备接收:68 04 01 00 90 03
14:42:18.942 设备发送:68 12 90 03 76 0B 0D 01 03 00 01 00 CA 40 00 C2 F5 A8 42 00
14:42:22.249 设备接收:68 04 01 00 92 03
14:42:32.665 设备发送:68 04 83 00 00 00
14:42:32.680 设备接收:68 04 43 00 00 00
14:42:34.975 设备发送:68 2A 92 03 76 0B 0D 04 03 00 01 00 99 40 00 00 80 1A 44 00 9A 40 00 00 E0 1C 44 00 9C 40 00 CD EC 17 44 00 B1 40 00 CD 4C 0B 43 00
14:42:38.471 设备接收:68 04 01 00 94 03
14:42:38.988 设备发送:68 2A 94 03 76 0B 0D 04 03 00 01 00 9E 40 00 33 53 3B 44 00 9F 40 00 67 26 07 44 00 A0 40 00 67 C6 10 44 00 A1 40 00 9A 79 07 44 00
14:42:42.268 设备接收:68 04 01 00 96 03
14:42:43.008 设备发送:68 12 96 03 76 0B 0D 01 03 00 01 00 0B 40 00 EB 51 38 BF 00
14:42:46.309 设备接收:68 04 01 00 98 03
14:42:51.042 设备发送:68 1A 98 03 76 0B 0D 02 03 00 01 00 07 40 00 14 AE 47 43 00 08 40 00 E1 7A 84 42 00
14:42:54.329 设备接收:68 04 01 00 9A 03
14:42:59.024 设备发送:68 12 9A 03 76 0B 0D 01 03 00 01 00 D1 40 00 00 00 60 42 00
14:43:02.367 设备接收:68 04 01 00 9C 03
14:43:07.067 设备发送:68 12 9C 03 76 0B 0D 01 03 00 01 00 0B 40 00 8F C2 F5 BF 00
14:43:10.353 设备接收:68 04 01 00 9E 03
14:43:11.074 设备发送:68 12 9E 03 76 0B 0D 01 03 00 01 00 0B 40 00 99 99 19 BF 00
14:43:14.371 设备接收:68 04 01 00 A0 03
14:43:24.810 设备发送:68 04 83 00 00 00
14:43:24.825 设备接收:68 04 43 00 00 00
14:43:35.147 设备发送:68 12 A0 03 76 0B 0D 01 03 00 01 00 0B 40 00 3D 0A D7 BF 00
14:43:35.239 设备发送:68 04 83 00 00 00
14:43:35.347 设备接收:68 04 43 00 00 00
14:43:38.438 设备接收:68 04 01 00 A2 03
14:43:39.157 设备发送:68 1A A2 03 76 0B 0D 02 03 00 01 00 DA 40 00 CD 8C 25 44 00 DB 40 00 00 40 28 44 00
14:43:42.457 设备接收:68 04 01 00 A4 03
14:43:43.161 设备发送:68 12 A4 03 76 0B 0D 01 03 00 01 00 0A 40 00 E1 7A 84 42 00
14:43:46.482 设备接收:68 04 01 00 A6 03
14:43:56.920 设备发送:68 04 83 00 00 00
14:43:56.935 设备接收:68 04 43 00 00 00
14:44:07.345 设备发送:68 04 83 00 00 00
14:44:07.360 设备接收:68 04 43 00 00 00
14:44:15.266 设备发送:68 12 A6 03 76 0B 0D 01 03 00 01 00 15 40 00 00 C0 93 43 00
14:44:18.565 设备接收:68 04 01 00 A8 03
14:44:27.309 设备发送:68 12 A8 03 76 0B 0D 01 03 00 01 00 46 40 00 F5 A8 B2 42 00
14:44:30.607 设备接收:68 04 01 00 AA 03
14:44:31.312 设备发送:68 1A AA 03 76 0B 0D 02 03 00 01 00 07 40 00 29 5C 46 43 00 47 40 00 B8 9E B2 42 00
14:44:34.601 设备接收:68 04 01 00 AC 03
14:44:35.336 设备发送:68 12 AC 03 76 0B 0D 01 03 00 01 00 48 40 00 AE C7 B1 42 00
14:44:38.634 设备接收:68 04 01 00 AE 03
14:44:49.063 设备发送:68 04 83 00 00 00
14:44:49.079 设备接收:68 04 43 00 00 00
14:44:51.379 设备发送:68 32 AE 03 76 0B 0D 05 03 00 01 00 09 40 00 00 00 84 42 00 17 40 00 00 20 1E 44 00 18 40 00 CD CC 1E 44 00 19 40 00 00 80 3D 44 00 2F 40 00 67 E6 0E 43 00
14:44:54.678 设备接收:68 04 01 00 B0 03
14:44:55.392 设备发送:68 1A B0 03 76 0B 0D 02 03 00 01 00 1C 40 00 00 40 28 44 00 1E 40 00 00 60 3D 44 00
14:44:57.50600

